#-------------------------------------------------------------------------------
# File: Hercules_7.1_u-blox_M8030_ADR4.21_10Hz_UBX2d.txt
#
# Copyright (C) 2019 DENSO International America, Inc.
#
# Description: UBLOX configuration setup file for use with Hercules TPS
#
# VERSION: v1.0.2 20191218       <-- NOTE: Also update RINV below with value
#
# MODIFICATIONS:
#   20190621 Added 1hz copies of TPS messages, for USB, for easier u-center use
#   20191218 Removed CFG-DAT as it is rejected by the 4.21 firmware and u-Center
#            get-config returns same identical line. Plus some comment cleanup.
#
# NOTE: Keep version of this file current in CFG-RINV below
# NOTE: Configuration "UBX2c" setup is "UBX+GST+USB+NAVSAT"
# NOTE: This version runs at 10hz over UART for tps, and sends 1hz msgs over
#           USB for U-Center.  It has ADR disabled.  TIMELS runs at 1hz.
# NOTE: Messages are sent over USB for U-Center to enable checking the ublox
#           with ucenter w/o having to modify the config.  The 1hz rate is
#           picked because 1hz is a nominal cost compared to 10hz. Also,
#           10hz seems to saturate USB and at that point it's not possible
#           to retrieve a configuration for saving nor write a new one.
#
#------------------------------------------------------------------------------

MON-VER - 0A 04 DC 00 45 58 54 20 43 4F 52 45 20 33 2E 30 31 20 28 31 65 63 39 33 66 29 00 00 00 00 00 00 00 00 30 30 30 38 30 30 30 30 00 00 52 4F 4D 20 42 41 53 45 20 33 2E 30 31 20 28 31 30 37 38 38 38 29 00 00 00 00 00 00 00 00 46 57 56 45 52 3D 41 44 52 20 34 2E 32 31 00 00 00 00 00 00 00 00 00 00 00 00 00 00 00 00 50 52 4F 54 56 45 52 3D 31 39 2E 32 30 00 00 00 00 00 00 00 00 00 00 00 00 00 00 00 00 00 46 49 53 3D 30 78 45 46 34 30 31 35 20 28 31 30 30 31 31 31 29 00 00 00 00 00 00 00 00 00 47 50 53 3B 47 4C 4F 3B 47 41 4C 3B 42 44 53 00 00 00 00 00 00 00 00 00 00 00 00 00 00 00 53 42 41 53 3B 49 4D 45 53 3B 51 5A 53 53 00 00 00 00 00 00 00 00 00 00 00 00 00 00 00 00
CFG-ANT - 06 13 04 00 1B 00 F0 B9
CFG-ESFALG - 06 56 0C 00 00 88 A8 20 00 00 00 00 00 00 00 00
CFG-ESFDWT - 06 30 2C 00 00 00 00 00 00 00 00 00 00 00 00 00 00 00 00 00 00 00 00 00 00 00 00 00 E8 03 00 00 01 00 00 00 FF FF FF FF 0A 05 00 00 00 00 00 00
CFG-ESFGAWT - 06 2D 34 00 00 00 00 20 E8 03 00 00 FF FF FF FF 00 00 00 00 00 00 00 00 01 00 00 00 00 00 0A 00 00 00 00 00 00 00 00 00 00 00 00 00 B0 04 84 20 15 05 00 00 00 00 00 00
CFG-ESFGWT - 06 29 2C 00 00 00 00 00 00 00 00 00 02 00 00 00 00 00 00 00 E8 03 00 00 01 00 00 00 FF FF FF FF 00 00 00 00 0A 00 00 00 00 00 00 00 B0 04 84 15
CFG-ESFLA - 06 2F 2C 00 00 05 02 20 04 00 00 00 00 00 00 00 03 00 00 00 00 00 00 00 02 00 00 00 00 00 00 00 01 00 00 00 00 00 00 00 00 00 00 00 00 00 00 00
CFG-GNSS - 06 3E 3C 00 00 1C 1C 07 00 08 10 00 01 00 01 01 01 01 03 00 01 00 01 01 02 04 08 00 00 00 01 01 03 08 10 00 00 00 01 01 04 00 08 00 00 00 01 03 05 00 03 00 00 00 01 05 06 08 0E 00 00 00 01 01
CFG-HNR - 06 5C 04 00 00 00 00 00
CFG-INF - 06 02 0A 00 00 00 00 00 00 00 00 00 00 00
CFG-INF - 06 02 0A 00 01 00 00 00 07 07 00 07 07 00
CFG-ITFM - 06 39 08 00 F3 AC 62 2D 1E 03 00 00
CFG-LOGFILTER - 06 47 0C 00 01 00 00 00 00 00 00 00 00 00 00 00
CFG-MSG - 06 01 08 00 0B 30 00 00 00 00 00 00
CFG-MSG - 06 01 08 00 0B 33 00 00 00 00 00 00
CFG-MSG - 06 01 08 00 0B 31 00 00 00 00 00 00
CFG-MSG - 06 01 08 00 0B 01 00 00 00 00 00 00
CFG-MSG - 06 01 08 00 10 14 00 00 00 00 00 00
CFG-MSG - 06 01 08 00 10 15 00 00 00 00 00 00
CFG-MSG - 06 01 08 00 10 02 00 00 00 00 00 00
CFG-MSG - 06 01 08 00 10 03 00 00 00 00 00 00
CFG-MSG - 06 01 08 00 10 10 00 00 00 00 00 00
CFG-MSG - 06 01 08 00 28 00 00 00 00 00 00 00
CFG-MSG - 06 01 08 00 21 08 00 00 00 00 00 00
CFG-MSG - 06 01 08 00 0A 0B 00 00 00 00 00 00
CFG-MSG - 06 01 08 00 0A 09 00 00 00 00 00 00
CFG-MSG - 06 01 08 00 0A 02 00 00 00 00 00 00
CFG-MSG - 06 01 08 00 0A 0D 00 00 00 00 00 00
CFG-MSG - 06 01 08 00 0A 06 00 00 00 00 00 00
CFG-MSG - 06 01 08 00 0A 2B 00 00 00 00 00 00
CFG-MSG - 06 01 08 00 0A 07 00 00 00 00 00 00
CFG-MSG - 06 01 08 00 0A 21 00 00 00 00 00 00
CFG-MSG - 06 01 08 00 0A 08 00 00 00 00 00 00
CFG-MSG - 06 01 08 00 01 60 00 00 00 00 00 00
CFG-MSG - 06 01 08 00 01 05 00 00 00 00 00 00
CFG-MSG - 06 01 08 00 01 22 00 00 00 00 00 00
CFG-MSG - 06 01 08 00 01 36 00 00 00 00 00 00
CFG-MSG - 06 01 08 00 01 31 00 00 00 00 00 00
CFG-MSG - 06 01 08 00 01 04 00 01 00 0A 00 00       # NAV.DOP
CFG-MSG - 06 01 08 00 01 3D 00 00 00 00 00 00
CFG-MSG - 06 01 08 00 01 61 00 00 00 00 00 00
CFG-MSG - 06 01 08 00 01 39 00 00 00 00 00 00
CFG-MSG - 06 01 08 00 01 37 00 00 00 00 00 00
CFG-MSG - 06 01 08 00 01 09 00 00 00 00 00 00
CFG-MSG - 06 01 08 00 01 34 00 00 00 00 00 00
CFG-MSG - 06 01 08 00 01 01 00 00 00 00 00 00
CFG-MSG - 06 01 08 00 01 02 00 00 00 00 00 00
CFG-MSG - 06 01 08 00 01 07 00 01 00 0A 00 00       # NAV.PVT
CFG-MSG - 06 01 08 00 01 35 00 00 00 0A 00 00       # NAV.SAT for UCenter
CFG-MSG - 06 01 08 00 01 32 00 00 00 00 00 00
CFG-MSG - 06 01 08 00 01 42 00 00 00 00 00 00
CFG-MSG - 06 01 08 00 01 06 00 00 00 00 00 00
CFG-MSG - 06 01 08 00 01 03 00 00 00 00 00 00
CFG-MSG - 06 01 08 00 01 30 00 00 00 00 00 00
CFG-MSG - 06 01 08 00 01 24 00 00 00 00 00 00
CFG-MSG - 06 01 08 00 01 25 00 00 00 00 00 00
CFG-MSG - 06 01 08 00 01 23 00 00 00 00 00 00
CFG-MSG - 06 01 08 00 01 20 00 00 00 00 00 00
CFG-MSG - 06 01 08 00 01 26 00 0A 00 0A 00 00       # NAV.TIMELS at 1hz
CFG-MSG - 06 01 08 00 01 21 00 00 00 00 00 00
CFG-MSG - 06 01 08 00 01 11 00 00 00 00 00 00
CFG-MSG - 06 01 08 00 01 12 00 00 00 00 00 00
CFG-MSG - 06 01 08 00 02 61 00 00 00 00 00 00
CFG-MSG - 06 01 08 00 02 14 00 00 00 00 00 00
CFG-MSG - 06 01 08 00 02 15 00 00 00 00 00 00
CFG-MSG - 06 01 08 00 02 59 00 00 00 00 00 00
CFG-MSG - 06 01 08 00 02 23 00 00 00 00 00 00
CFG-MSG - 06 01 08 00 02 13 00 00 00 00 00 00
CFG-MSG - 06 01 08 00 02 20 00 00 00 00 00 00
CFG-MSG - 06 01 08 00 0D 03 00 00 00 00 00 00
CFG-MSG - 06 01 08 00 0D 01 00 00 00 00 00 00
CFG-MSG - 06 01 08 00 0D 06 00 00 00 00 00 00
CFG-MSG - 06 01 08 00 F0 00 00 00 00 00 00 00
CFG-MSG - 06 01 08 00 F0 01 00 00 00 00 00 00
CFG-MSG - 06 01 08 00 F0 02 00 00 00 00 00 00
CFG-MSG - 06 01 08 00 F0 03 00 00 00 00 00 00
CFG-MSG - 06 01 08 00 F0 04 00 00 00 00 00 00
CFG-MSG - 06 01 08 00 F0 05 00 00 00 00 00 00
CFG-MSG - 06 01 08 00 F0 06 00 00 00 00 00 00
CFG-MSG - 06 01 08 00 F0 07 00 01 00 01 00 00          # NMEA.GST
CFG-MSG - 06 01 08 00 F0 08 00 00 00 00 00 00
CFG-MSG - 06 01 08 00 F0 09 00 00 00 00 00 00
CFG-MSG - 06 01 08 00 F0 0A 00 00 00 00 00 00
CFG-MSG - 06 01 08 00 F0 0D 00 00 00 00 00 00
CFG-MSG - 06 01 08 00 F0 0E 00 00 00 00 00 00
CFG-MSG - 06 01 08 00 F0 0F 00 00 00 00 00 00
CFG-MSG - 06 01 08 00 F1 00 00 00 00 00 00 00
CFG-MSG - 06 01 08 00 F1 03 00 00 00 00 00 00
CFG-MSG - 06 01 08 00 F1 04 00 00 00 00 00 00
CFG-NAV5 - 06 24 24 00 FF FF 04 03 00 00 00 00 10 27 00 00 0A 00 FA 00 FA 00 64 00 5E 01 00 3C 00 00 10 27 00 00 00 00 00 00 00 00
CFG-NAVX5 - 06 23 2C 00 03 00 FF FF FF 0F 00 00 03 02 05 18 14 00 00 01 00 00 DE 07 00 01 02 00 01 01 00 00 08 64 64 00 00 01 12 00 00 00 00 00 00 00 00 00     ## No ADR/UDR
CFG-NMEA - 06 17 14 00 00 40 00 02 00 00 00 00 00 00 00 01 00 00 00 00 00 00 00 00
CFG-ODO - 06 1E 14 00 00 00 00 00 00 00 00 00 19 46 19 66 0A 32 00 00 99 4C 00 00
CFG-PM2 - 06 3B 30 00 02 06 00 00 00 10 42 01 E8 03 00 00 10 27 00 00 00 00 00 00 00 00 00 00 2C 01 00 00 4F C1 03 00 86 02 00 00 FE 00 00 00 64 40 01 00 00 00 00 00
CFG-PRT - 06 00 14 00 00 00 00 00 84 00 00 00 00 00 00 00 07 00 03 00 00 00 00 00
CFG-PRT - 06 00 14 00 01 00 00 00 C0 08 00 00 00 C2 01 00 07 00 03 00 00 00 00 00
CFG-PRT - 06 00 14 00 03 00 00 00 00 00 00 00 00 00 00 00 07 00 03 00 00 00 00 00
CFG-PRT - 06 00 14 00 04 00 00 00 00 00 00 00 00 00 00 00 00 00 00 00 00 00 00 00
CFG-RATE - 06 08 06 00 64 00 01 00 01 00    # Rates w 64 00 = 100ms, and w E8 03 = 1000ms
CFG-RINV - 06 34 1E 00 00 4E 41 52 44 20 55 42 58 32 63 20 76 31 2E 30 2E 32 20 32 30 31 39 31 32 31 38 00 00 00 #  Remote Inventory - "NARD UBX2c v1.0.2 20191218"
CFG-RXM - 06 11 02 00 49 00
CFG-SBAS - 06 16 08 00 01 03 03 00 89 A3 07 00
CFG-TP5 - 06 31 20 00 00 01 00 00 32 00 00 00 00 00 00 00 00 00 00 00 00 00 00 00 00 00 00 00 00 00 00 00 00 00 00 00
CFG-TP5 - 06 31 20 00 01 01 00 00 32 00 00 00 01 00 00 00 01 00 00 00 67 66 66 E6 9A 99 99 19 00 00 00 00 6F 00 00 00
CFG-USB - 06 1B 6C 00 46 15 A8 01 00 00 00 00 64 00 02 00 75 2D 62 6C 6F 78 20 41 47 20 2D 20 77 77 77 2E 75 2D 62 6C 6F 78 2E 63 6F 6D 00 00 00 00 00 00 75 2D 62 6C 6F 78 20 47 4E 53 53 20 72 65 63 65 69 76 65 72 00 00 00 00 00 00 00 00 00 00 00 00 00 00 00 00 00 00 00 00 00 00 00 00 00 00 00 00 00 00 00 00 00 00 00 00 00 00 00 00 00 00 00 00


